## experimental bins for the ATLAS (7 TeV) single-inclusive jet measurement (arxiv:1112.6297)
## 7 rapidity intervals (same for R=0.4 and 0.6)
## default individual subregions used in calculations are shown in atlinclim 
7
0.0 0.3 0.8 1.2 2.1 2.8 3.6 4.4

16
20.0 
30.0 
45.0 
60.0 
80.0 
110.0
160.0
210.0
260.0
310.0
400.0
500.0
600.0
800.0
1000.0
1200.0
1500.0


16
20.0
30.0
45.0
60.0
80.0
110.0
160.0
210.0
260.0
310.0
400.0
500.0
600.0
800.0
1000.0
1200.0
1500.0


16
20.0
30.0
45.0
60.0
80.0
110.0
160.0
210.0
260.0
310.0
400.0
500.0
600.0
800.0
1000.0
1200.0
1500.0


15
20.0
30.0
45.0
60.0
80.0
110.0
160.0
210.0
260.0
310.0
400.0
500.0
600.0
800.0
1000.0
1200.0


12
20.0
30.0
45.0
60.0
80.0
110.0
160.0
210.0
260.0
310.0
400.0
500.0
600.0


9
20.0
30.0
45.0
60.0
80.0
110.0
160.0
210.0
260.0
310.0


6
20.0
30.0
45.0
60.0
80.0
110.0
160.0
